.__C__door <-
<S4 object of class structure("classRepresentation", package = "methods")>
.__C__Rasch <-
<S4 object of class structure("classRepresentation", package = "methods")>
`.__T__initialize:methods` <-
<environment>
`.__T__PlayGame:.GlobalEnv` <-
<environment>
`.__T__raschEAP:.GlobalEnv` <-
<environment>
`.__T__raschLikelihood:.GlobalEnv` <-
<environment>
`.__T__raschPrior:.GlobalEnv` <-
<environment>
`.__T__raschProbability:.GlobalEnv` <-
<environment>
.Random.seed <-
c(403L, 71L, -519457448L, 884167647L, 923540232L, 1435144932L, 
1703372383L, -2087416604L, 104750403L, -207059391L, 1519651818L, 
-1853422399L, 1907052110L, 199656594L, 992545773L, 905092266L, 
1647127789L, -1873345197L, 1164999572L, -697619317L, -192243212L, 
-159870472L, -291889597L, 149203272L, 189634655L, -302042411L, 
-1584790818L, -2024604395L, -883841630L, 598734894L, 454841737L, 
1657929206L, 1653628241L, -344124929L, -1432612608L, -1377308073L, 
1759262816L, 1989354524L, 1239620359L, -893886772L, -892480357L, 
-1408071815L, 305613490L, -472239015L, -249671802L, -895766310L, 
1368323861L, 1773881618L, 413416213L, -1865334709L, -1880727956L, 
300271123L, 825622812L, 965856096L, -958299173L, 1649399232L, 
1909948807L, 1372829181L, 1819101814L, -1684977959L, 1429201499L, 
839800695L, -494840419L, -1597696576L, 54784706L, 1326164468L, 
1927286318L, 1067082687L, -152313627L, 1949099505L, 730208807L, 
-1930120850L, 929319396L, -1971212474L, -1152323944L, -1487057747L, 
-850665401L, 51908267L, 705687689L, 16666652L, 1369405374L, 875219256L, 
1102180202L, -1850815469L, -1143976351L, -1019209323L, -835732909L, 
-698775382L, -269752704L, -1600938214L, 1044045284L, -1741926351L, 
-252667309L, -1707609665L, 101893653L, 244399288L, -1631261862L, 
1949628172L, -959220890L, 1273882631L, -1622704963L, -2133113639L, 
-778932593L, -926230122L, 595485612L, 1424793262L, 1447546768L, 
2016265893L, 906021631L, -425999917L, 1024880897L, 1479483188L, 
1675505174L, 1492380688L, 427345986L, 2123130491L, 1502247961L, 
1346630973L, -2130125829L, -1288330446L, -1633630552L, 1261104130L, 
394016380L, -2125253591L, -1614875669L, -935439097L, -182274259L, 
-1047073008L, -804153326L, -1108150268L, 1813848094L, 1345363791L, 
-730638059L, 1509557313L, 1867662711L, -1185780258L, 2116972116L, 
-1819506250L, -31184504L, 1806464061L, 1729208759L, -1275158341L, 
-1129266887L, 482213388L, 1810553998L, -301449528L, -1112430950L, 
467214947L, -920436015L, -1443284731L, 870109763L, -741687046L, 
-1844658960L, -1280990582L, 725041460L, 845550657L, -1145128541L, 
211609999L, 2115549797L, 157324808L, 539962410L, -100049124L, 
-1618666858L, 733795351L, 757639917L, 484208489L, 2110548575L, 
-1725513210L, -1951754916L, -700863778L, -1168753856L, -732431691L, 
2124353647L, -1957851741L, -493440911L, 823857508L, -1702046170L, 
366625376L, -1578125902L, 1846815371L, 651666889L, -1540183571L, 
1157052779L, 1354695362L, -846051624L, 1590102834L, -1800863284L, 
615022649L, -779810181L, 484944151L, -605934723L, -816510560L, 
-825057758L, 621231380L, -2126588978L, -417134625L, -1086124347L, 
-992745775L, 2128418695L, 830585678L, -1837561660L, 1724032422L, 
1818039928L, 524614925L, 280691687L, -1699287349L, 941863081L, 
1214219324L, 985332958L, -621384744L, -1478265270L, -1676098253L, 
-2026474303L, 809556533L, -1613849293L, 87603530L, -1379557600L, 
-450030854L, -523017404L, 663393553L, 1220230515L, 1048666399L, 
2119558389L, 1426611224L, -1169718598L, 884186220L, -710922618L, 
526354791L, -786851747L, -1989876679L, 1119854767L, 1142425398L, 
592800140L, 723466894L, -705101584L, 1963509957L, -800607585L, 
1839667827L, -1789873759L, 687704148L, 830237686L, 2068230576L, 
1433847778L, 1644092315L, -67045255L, 918809309L, -461088741L, 
-1288662766L, -844423032L, -904683998L, 1723948892L, 2083210121L, 
-972216437L, -107733209L, -1773451763L, -125402512L, 1996095218L, 
1620602404L, 1282409918L, 2045036783L, -907837067L, -716204639L, 
-1926403369L, 1893713598L, 1475994804L, 1259042710L, -620514328L, 
-1401779043L, -201366441L, 408870491L, -1013309607L, -620126932L, 
-1621702994L, 223326056L, 983640698L, 1754795651L, -2074191823L, 
-1911037275L, 1081505955L, 795012890L, 694707472L, -375592214L, 
612833172L, 810799009L, 1471010371L, 1423746799L, -1050589215L, 
340198393L, 1592829595L, -1335907296L, -1310492200L, 1269351708L, 
1626124510L, 641648143L, 546104559L, -841219653L, 542167065L, 
1580704918L, -1266969062L, 371621762L, -2104254536L, -1684656031L, 
-1107173651L, -1160129347L, 1043532783L, 1246805268L, 2110748340L, 
1620767112L, 2011382770L, 1825615683L, -378232093L, -1594661881L, 
-1461467451L, -139337070L, -2049426210L, -249814026L, -704115324L, 
222320093L, -1472067319L, -223762623L, -1619057245L, 1483846296L, 
763956944L, -1966309436L, 1171857094L, -835473241L, 1987804647L, 
-168278109L, -1485040623L, -621473122L, -1964395758L, 1016477674L, 
713672992L, 1317037529L, 368782437L, 1173416693L, -933060025L, 
1637478940L, 1470347228L, 1799418528L, 57503178L, 1859554635L, 
963979L, 1645881599L, 653977933L, -1763557910L, -1997423962L, 
-895898706L, 374109596L, 104784261L, -32643759L, -1300685111L, 
-646731221L, -877925200L, -1026234136L, -1762252468L, -1065196914L, 
1412103807L, 1906545023L, -1422546005L, 286026665L, 309284326L, 
-2099759478L, 703079826L, -798663704L, -1519176687L, 1655756573L, 
1604961261L, -1931150689L, -1524032540L, 371639044L, 220066552L, 
-609477022L, -1222344941L, 1841280179L, -613113929L, -1212578763L, 
934016418L, -2105599634L, -1934622682L, -1047909356L, 1974332557L, 
65159897L, -236221903L, 1657654035L, 1813248264L, 333306304L, 
478847316L, -2109246762L, -1422106441L, 1471180439L, 1438215923L, 
326889921L, 1947801614L, -1585948766L, -48006438L, -1365584464L, 
-1635341079L, -240680459L, 1386417221L, -1953543081L, -132504308L, 
1123335116L, -467277392L, 1550021594L, -2007489413L, 2123584443L, 
1954328079L, -851135907L, 1434491034L, 66383638L, -1480531778L, 
1108363212L, -1217742315L, 237109953L, -1560848231L, 1927697851L, 
-1080955456L, -544761992L, -170987524L, 669979966L, -1207360465L, 
-179931185L, -1213811045L, -2062103559L, 190235766L, 2023687290L, 
-136220702L, 2012462552L, 1552608641L, 98045837L, 487395933L, 
-1021788465L, 411699316L, 447195860L, 1387922728L, -1144369646L, 
-600286301L, -1275341181L, -350129049L, 2015339173L, -711550222L, 
792476222L, -514919594L, -354076188L, -481436931L, 460750377L, 
2104053601L, 260191875L, 1752311992L, 40201072L, -1487084316L, 
461125926L, -470868025L, 1208320263L, -1166854895L, 1970260070L, 
-440672471L, 1022331868L, 696489469L, -5997846L, 1775489103L, 
416073446L, -2021764259L, -487591882L, 1187838193L, 2123584360L, 
2037874269L, -1915438690L, -757140241L, 1437776058L, -91410847L, 
-1058754002L, 829007393L, -175077876L, -1367254851L, 1133861810L, 
-812428265L, 933811798L, -1346905379L, 70573062L, 1161515377L, 
-266274200L, 1810870869L, -1490133434L, -1187926513L, 1161387882L, 
-1874759071L, 454570550L, 1275611465L, 2080824700L, 107180653L, 
-416938294L, 580837279L, -364389130L, -577080691L, -1834616218L, 
385653505L, -980764952L, -1796966915L, -361184098L, -1609750145L, 
1043909642L, -691226815L, 419357662L, -420084031L, 1023718204L, 
1597941245L, 1658578898L, -1169539705L, 1620830582L, 95816477L, 
-957703258L, 1172235093L, 2097113961L, 1457880484L, 2069675226L, 
1646445601L, 672669985L, 481168514L, -840000544L, -825297863L, 
-582273375L, 361051192L, -1201160094L, 1442939669L, 262695345L, 
-287330934L, 652517236L, 1882014317L, -675749743L, 1725248980L, 
-1285681270L, -955927543L, 1172865401L, 1568729050L, -457833696L, 
2066451817L, -1732149495L, -1186847136L, 1252195026L, 861820869L, 
-740861895L, -298639710L, -1788867316L, 1805334789L, -806800087L, 
-937998700L, -1221266742L, -773134543L, -2139722767L, 59155522L, 
1208627360L, -1709124055L, -1364976079L, -464503304L, 1978214994L, 
306296565L, 222889905L, 350709002L, -1027018380L, -1720951091L, 
148569825L, -1962173436L, -1481864806L, -1670395127L, 1268826009L, 
